Alman
011203054
10 20 28 37
9 18 30 35
10 15 18 34
3.5

Ahsan
011273076
9 19 29 38
10 19 30 39
10 18 29 40
4.0

Aladin
0110767590
9 17 28 39
9 18 30 37
9 15 27 36
3.2

Janifar
011939087
10 15 30 35
10 14 28 39
10 19 28 37
3.9

Hatim
011201134
9 20 29 36
8 18 28 39
8 18 28 37
3.9

Yeamin
011203344
8 16 28 33
8 17 25 35
7 15 26 36
3.6

Arnob
011506759
8 19 26 37
9 18 27 39
8 16 28 34
3.7

Fardin
011201131
8 17 25 39
7 18 30 34
9 18 28 39
3.8

Fahad
011984565
10 18 28 35
9  16 25 33
7  17 27 39
3.8

Rahat
011456784
9  17 29 34
10 19 29 36
10 19 30 39
3.9